Temperature:730
time /s, conc / mol L-1
0.0,10.0
1.2244897959183674,9.580482443263975
2.4489795918367347,9.178564384568926
3.673469387755102,8.79350749407306
4.8979591836734695,8.424604416167714
6.122448979591837,8.071177470053893
7.346938775510204,7.732577404831906
8.571428571428571,7.4081822068171785
9.795918367346939,7.097395956891254
11.020408163265307,6.7996477357889376
12.244897959183675,6.514390575310555
13.46938775510204,6.241100453532709
14.693877551020408,5.979275332171694
15.918367346938776,5.728434234331228
17.142857142857142,5.488116360940264
18.367346938775512,5.257880244257796
19.591836734693878,5.037302936889633
20.816326530612244,4.825979234827318
22.040816326530614,4.623520933081963
23.26530612244898,4.429556112545521
24.48979591836735,4.243728456769499
25.714285714285715,4.06569659740599
26.93877551020408,3.8951334871086174
28.16326530612245,3.731725798741369
29.387755102040817,3.575173349791692
30.612244897959183,3.4251885509304563
31.836734693877553,3.2814958777058
33.06122448979592,3.143831364400353
34.285714285714285,3.01194211912202
35.51020408163265,2.885585859237581
36.734693877551024,2.7645304662956427
37.95918367346939,2.648553559621378
39.183673469387756,2.537442087799691
40.40816326530612,2.4309919372964033
41.63265306122449,2.329007557498447
42.85714285714286,2.231301601484298
44.08163265306123,2.1376945818647104
45.30612244897959,2.0480145410615385
46.53061224489796,1.9620967354189391
47.755102040816325,1.879783332566671
48.9795918367347,1.8009231214795232
50.204081632653065,1.7253712347002728
51.42857142857143,1.652988882215865
52.6530612244898,1.583643096497964
53.87755102040816,1.5172064882394936
55.10204081632653,1.4535570123384662
56.3265306122449,1.3925777436991906
57.55102040816327,1.3341566624390255
58.775510204081634,1.2781864481060747
60.0,1.224564282529819
