Temperature:790
time /s, conc / mol L-1
0.0,10.0
1.2244897959183674,6.570468198150568
2.4489795918367347,4.317105234290796
3.673469387755102,2.8365402649977027
4.8979591836734695,1.8637397603940995
6.122448979591837,1.2245642825298184
7.346938775510204,0.804596067495324
8.571428571428571,0.5286572873835037
9.795918367346939,0.3473525894473855
11.020408163265307,0.2282269142509296
12.244897959183675,0.1499557682047769
13.46938775510204,0.09852796061187258
14.693877551020408,0.06473748318289399
15.918367346938776,0.04253555744815122
17.142857142857142,0.027947852750368436
18.367346938775512,0.018363047770289055
19.591836734693878,0.012065382139580395
20.816326530612244,0.007927520964664684
22.040816326530614,0.005208752438850117
23.26530612244898,0.0034223942251503936
24.48979591836735,0.0022486732417884778
25.714285714285715,0.0014774836023203363
26.93877551020408,0.0009707759022334712
28.16326530612245,0.0006378452193155936
29.387755102040817,0.0004190941728855483
30.612244897959183,0.00027536449349747157
31.836734693877553,0.00018092736474249727
33.06122448979592,0.00011887774962157668
34.285714285714285,7.810824733562768e-05
35.51020408163265,5.1320775513202047e-05
36.734693877551024,3.372015234139179e-05
37.95918367346939,2.2155718859590713e-05
39.183673469387756,1.4557344617410556e-05
40.40816326530612,9.564856985821442e-06
41.63265306122449,6.284558864519808e-06
42.85714285714286,4.129249415873257e-06
44.08163265306123,2.7131101969227044e-06
45.30612244897959,1.782640426695869e-06
46.53061224489796,1.1712782232342766e-06
47.755102040816325,7.695846316947102e-07
48.9795918367347,5.056531348335502e-07
50.204081632653065,3.3223778417189895e-07
51.42857142857143,2.1829577951254782e-07
52.6530612244898,1.434305477077681e-07
53.87755102040816,9.424058523572099e-08
55.10204081632653,6.192047682664017e-08
56.3265306122449,4.068465238037577e-08
57.55102040816327,2.673172146180703e-08
58.775510204081634,1.756399257466218e-08
60.0,1.1540365464437079e-08
