Temperature:700
time /s, conc / mol L-1
0.0,10.0
1.2244897959183674,9.866209185366312
2.4489795918367347,9.734208368940656
3.673469387755102,9.603973602191193
4.8979591836734695,9.475481256995431
6.122448979591837,9.348708021353465
7.346938775510204,9.223630895158527
8.571428571428571,9.100227186024155
9.795918367346939,8.978474505167174
11.020408163265307,8.858350763345761
12.244897959183675,8.739834166851862
13.46938775510204,8.622903213557215
14.693877551020408,8.507536689012289
15.918367346938776,8.393713662597394
17.142857142857142,8.281413483725311
18.367346938775512,8.170615778094708
19.591836734693878,8.061300443993693
20.816326530612244,7.953447648652809
22.040816326530614,7.8470378246468435
23.26530612244898,7.742051666344755
24.48979591836735,7.638470126407118
25.714285714285715,7.536274412330409
26.93877551020408,7.435445983037536
28.16326530612245,7.335966545513999
29.387755102040817,7.237818051489018
30.612244897959183,7.140982694161105
31.836734693877553,7.045442904967416
33.06122448979592,6.951181350396343
34.285714285714285,6.858180928842739
35.51020408163265,6.766424767505229
36.734693877551024,6.675896219325019
37.95918367346939,6.586578859965674
39.183673469387756,6.498456484833289
40.40816326530612,6.411513106136547
41.63265306122449,6.325732949986089
42.85714285714286,6.241100453532709
44.08163265306123,6.157600262143825
45.30612244897959,6.075217226617742
46.53061224489796,5.993936400435161
47.755102040816325,5.913743037047487
48.9795918367347,5.834622587201398
50.204081632653065,5.756560696299219
51.42857142857143,5.679543201794603
52.6530612244898,5.603556130623071
53.87755102040816,5.528585696666904
55.10204081632653,5.454618298253982
56.3265306122449,5.3816405156900595
57.55102040816327,5.309639108824075
58.775510204081634,5.2386010146460285
60.0,5.168513344916993
