Temperature:810
time /s, conc / mol L-1
0.0,10.0
1.2244897959183674,3.8055580544456573
2.4489795918367347,1.4482272105756215
3.673469387755102,0.5511312725873423
4.8979591836734695,0.2097362053451646
6.122448979591837,0.07981633055601589
7.346938775510204,0.03037456796237434
8.571428571428571,0.011559218175952072
9.795918367346939,0.004398927583258905
11.020408163265307,0.00167403742953941
12.244897959183675,0.0006370646623427196
13.46938775510204,0.0002424386556981045
14.693877551020408,9.226143789008976e-05
15.918367346938776,3.511062580773689e-05
17.142857142857142,1.3361552483926074e-05
18.367346938775512,5.084816367510317e-06
19.591836734693878,1.9350563882756034e-06
20.816326530612244,7.36396942420876e-07
22.040816326530614,2.8024013154989154e-07
23.26530612244898,1.0664700897985985e-07
24.48979591836735,4.058513840058435e-08
25.714285714285715,1.544491003311358e-08
26.93877551020408,5.877650177670405e-09
28.16326530612245,2.236773897484752e-09
29.387755102040817,8.512172921546891e-10
30.612244897959183,3.239356822242706e-10
31.836734693877553,1.23275604461092e-10
33.06122448979592,4.691324694735666e-11
34.285714285714285,1.78531084780711e-11
35.51020408163265,6.7941040765615666e-12
36.734693877551024,2.585535749130081e-12
37.95918367346939,9.839406395159186e-13
39.183673469387756,3.7444432258062226e-13
40.40816326530612,1.4249696077381327e-13
41.63265306122449,5.4228045680681505e-14
42.85714285714286,2.0636797601696348e-14
44.08163265306123,7.853453133110052e-15
45.30612244897959,2.9886771825918285e-15
46.53061224489796,1.137358452435031e-15
47.755102040816325,4.32828361945599e-16
48.9795918367347,1.6471534589945858e-16
50.204081632653065,6.268338112784883e-17
51.42857142857143,2.3854524593097253e-17
52.6530612244898,9.077977820023346e-18
53.87755102040816,3.454677161106894e-18
55.10204081632653,1.3146974495959823e-18
56.3265306122449,5.003157468469129e-19
57.55102040816327,1.9039806201792543e-19
58.775510204081634,7.245708784631614e-20
60.0,2.7573965425522544e-20
