Temperature:760
time /s, conc / mol L-1
0.0,10.0
1.2244897959183674,8.79350749407306
2.4489795918367347,7.732577404831906
3.673469387755102,6.799647735788938
4.8979591836734695,5.979275332171694
6.122448979591837,5.257880244257798
7.346938775510204,4.623520933081963
8.571428571428571,4.065696597405991
9.795918367346939,3.575173349791693
11.020408163265307,3.143831364400353
12.244897959183675,2.764530466295643
13.46938775510204,2.4309919372964037
14.693877551020408,2.137694581864711
15.918367346938776,1.879783332566671
17.142857142857142,1.6529888822158656
18.367346938775512,1.4535570123384662
19.591836734693878,1.2781864481060754
20.816326530612244,1.1239742110243398
22.040816326530614,0.9883675647787383
23.26530612244898,0.8691217587780581
24.48979591836735,0.7642628699076808
25.714285714285715,0.6720551273974975
26.93877551020408,0.5909721799200123
28.16326530612245,0.5196718292915318
29.387755102040817,0.4569738125333741
30.612244897959183,0.4018402645107364
31.836734693877553,0.35335853773954595
33.06122448979592,0.3107260949707396
34.285714285714285,0.2732372244729257
35.51020408163265,0.2402713581062395
36.734693877551024,0.2112827988118328
37.95918367346939,0.18579168747205826
39.183673469387756,0.16337605961220247
40.40816326530612,0.14366486045520288
41.63265306122449,0.12633180270477873
42.85714285714286,0.11108996538242306
44.08163265306123,0.09768704431066536
45.30612244897959,0.08590117562196833
46.53061224489796,0.07553726315814649
47.755102040816325,0.06642374896629297
48.9795918367347,0.058409773431952465
50.204081632653065,0.05136267804009838
51.42857142857143,0.04516580942612666
52.6530612244898,0.03971658836645207
53.87755102040816,0.03492481174394113
55.10204081632653,0.030711159379943696
56.3265306122449,0.027005881015920698
57.55102040816327,0.023747641709754415
58.775510204081634,0.02088250653412873
60.0,0.018363047770289073
